             v1        OLR1_CO2        OLR2_CO2
        0.10000         0.00000         0.00000
       10.10000         0.00001         0.00001
       20.10000         0.00188         0.00188
       30.10000         0.00188         0.00188
       40.10000         0.00471         0.00471
       50.10000         0.00167         0.00167
       60.10000         0.01534         0.01534
       70.10000         0.00787         0.00787
       80.10000         0.02664         0.02664
       90.10000         0.03173         0.03173
      100.10000         0.03698         0.03698
      110.10000         0.04038         0.04038
      120.10000         0.05772         0.05772
      130.10000         0.06358         0.06358
      140.10000         0.05790         0.05790
      150.10000         0.06982         0.06982
      160.10000         0.08357         0.08357
      170.10000         0.08180         0.08180
      180.10000         0.10509         0.10509
      190.10000         0.11401         0.11400
      200.10000         0.12031         0.12029
      210.10000         0.12388         0.12387
      220.10000         0.13952         0.13950
      230.10000         0.14681         0.14679
      240.10000         0.15345         0.15343
      250.10000         0.13527         0.13525
      260.10000         0.17464         0.17461
      270.10000         0.18099         0.18095
      280.10000         0.16897         0.16895
      290.10000         0.16897         0.16895
      300.10000         0.19921         0.19916
      310.10000         0.19422         0.19418
      320.10000         0.22430         0.22422
      330.10000         0.23012         0.23003
      340.10000         0.23583         0.23573
      350.10000         0.22015         0.22008
      360.10000         0.24036         0.24026
      370.10000         0.20868         0.20868
      380.10000         0.23775         0.23768
      390.10000         0.27267         0.27249
      400.10000         0.25555         0.25538
      410.10000         0.21899         0.21919
      420.10000         0.17359         0.17356
      430.10000         0.29557         0.29528
      440.10000         0.25259         0.25266
      450.10000         0.24719         0.24734
      460.10000         0.25095         0.25071
      470.10000         0.30254         0.30216
      480.10000         0.25817         0.25834
      490.10000         0.31157         0.31103
      500.10000         0.24778         0.24825
      510.10000         0.29772         0.29702
      520.10000         0.23635         0.23616
      530.10000         0.26387         0.26497
      540.10000         0.24475         0.24586
      550.10000         0.31559         0.31406
      560.10000         0.30383         0.30273
      570.10000         0.28127         0.27958
      580.10000         0.31811         0.31527
      590.10000         0.25461         0.24371
      600.10000         0.28804         0.26503
      610.10000         0.26914         0.27138
      620.10000         0.29313         0.27580
      630.10000         0.23783         0.19891
      640.10000         0.16134         0.18030
      650.10000         0.11841         0.13164
      660.10000         0.10161         0.11286
      670.10000         0.24919         0.26332
      680.10000         0.09574         0.10656
      690.10000         0.10093         0.11525
      700.10000         0.11925         0.14091
      710.10000         0.21124         0.17450
      720.10000         0.09265         0.10569
      730.10000         0.17547         0.18641
      740.10000         0.26036         0.22396
      750.10000         0.26863         0.25023
      760.10000         0.24583         0.23235
      770.10000         0.27944         0.27582
      780.10000         0.26591         0.26604
      790.10000         0.26110         0.26056
      800.10000         0.29266         0.29017
      810.10000         0.29764         0.29567
      820.10000         0.26710         0.26566
      830.10000         0.26859         0.26764
      840.10000         0.26961         0.26868
      850.10000         0.27098         0.27002
      860.10000         0.27352         0.27251
      870.10000         0.27158         0.27065
      880.10000         0.27018         0.26927
      890.10000         0.27253         0.27156
      900.10000         0.27027         0.26935
      910.10000         0.26983         0.26892
      920.10000         0.26784         0.26678
      930.10000         0.26596         0.26508
      940.10000         0.26369         0.26183
      950.10000         0.25788         0.25519
      960.10000         0.25813         0.25735
      970.10000         0.24966         0.24432
      980.10000         0.25041         0.24818
      990.10000         0.24897         0.24808
     1000.10000         0.22723         0.22660
     1010.10000         0.10467         0.10454
     1020.10000         0.07511         0.07511
     1030.10000         0.06901         0.06901
     1040.10000         0.05917         0.05892
     1050.10000         0.07863         0.07803
     1060.10000         0.08345         0.08253
     1070.10000         0.21189         0.20413
     1080.10000         0.21590         0.21370
     1090.10000         0.21006         0.20898
     1100.10000         0.19794         0.19740
     1110.10000         0.19720         0.19668
     1120.10000         0.19870         0.19818
     1130.10000         0.18227         0.18179
     1140.10000         0.18870         0.18821
     1150.10000         0.18168         0.18122
     1160.10000         0.17446         0.17403
     1170.10000         0.15113         0.15079
     1180.10000         0.15190         0.15156
     1190.10000         0.16505         0.16462
     1200.10000         0.15848         0.15807
     1210.10000         0.12306         0.12279
     1220.10000         0.10559         0.10540
     1230.10000         0.13560         0.13526
     1240.10000         0.10703         0.10684
     1250.10000         0.12552         0.12524
     1260.10000         0.09307         0.09289
     1270.10000         0.03077         0.03075
     1280.10000         0.08690         0.08675
     1290.10000         0.06839         0.06827
     1300.10000         0.05347         0.05340
     1310.10000         0.06340         0.06331
     1320.10000         0.07287         0.07274
     1330.10000         0.08583         0.08565
     1340.10000         0.06073         0.06063
     1350.10000         0.06334         0.06324
     1360.10000         0.02108         0.02107
     1370.10000         0.06392         0.06380
     1380.10000         0.06262         0.06250
     1390.10000         0.05015         0.05006
     1400.10000         0.04797         0.04789
     1410.10000         0.03373         0.03368
     1420.10000         0.01330         0.01329
     1430.10000         0.03198         0.03194
     1440.10000         0.03755         0.03748
     1450.10000         0.03423         0.03417
     1460.10000         0.02601         0.02598
     1470.10000         0.01557         0.01555
     1480.10000         0.03409         0.03403
     1490.10000         0.00864         0.00864
     1500.10000         0.01963         0.01960
     1510.10000         0.01255         0.01254
     1520.10000         0.01122         0.01121
     1530.10000         0.01882         0.01879
     1540.10000         0.00565         0.00565
     1550.10000         0.01157         0.01156
     1560.10000         0.00566         0.00566
     1570.10000         0.01021         0.01020
     1580.10000         0.02138         0.02133
     1590.10000         0.02347         0.02340
     1600.10000         0.02724         0.02715
     1610.10000         0.01893         0.01888
     1620.10000         0.00999         0.00997
     1630.10000         0.01636         0.01632
     1640.10000         0.01244         0.01241
     1650.10000         0.00820         0.00819
     1660.10000         0.01051         0.01048
     1670.10000         0.00202         0.00201
     1680.10000         0.00362         0.00361
     1690.10000         0.00626         0.00625
     1700.10000         0.00105         0.00105
     1710.10000         0.01045         0.01042
     1720.10000         0.00497         0.00496
     1730.10000         0.01113         0.01109
     1740.10000         0.00544         0.00543
     1750.10000         0.00572         0.00571
     1760.10000         0.01104         0.01099
     1770.10000         0.00812         0.00809
     1780.10000         0.01200         0.01194
     1790.10000         0.00991         0.00987
     1800.10000         0.00241         0.00241
     1810.10000         0.00703         0.00700
     1820.10000         0.01081         0.01076
     1830.10000         0.00189         0.00189
     1840.10000         0.00726         0.00722
     1850.10000         0.01081         0.01074
     1860.10000         0.00516         0.00513
     1870.10000         0.00502         0.00499
     1880.10000         0.01633         0.01613
     1890.10000         0.00614         0.00609
     1900.10000         0.01632         0.01568
     1910.10000         0.00944         0.00914
     1920.10000         0.00997         0.00963
     1930.10000         0.01060         0.01047
     1940.10000         0.00246         0.00244
     1950.10000         0.00990         0.00975
     1960.10000         0.01107         0.01080
     1970.10000         0.01662         0.01619
     1980.10000         0.01197         0.01174
     1990.10000         0.00239         0.00238
     2000.10000         0.00458         0.00452
     2010.10000         0.00744         0.00731
     2020.10000         0.00879         0.00856
     2030.10000         0.00820         0.00799
     2040.10000         0.01403         0.01283
     2050.10000         0.01003         0.00793
     2060.10000         0.00577         0.00491
     2070.10000         0.00758         0.00576
     2080.10000         0.00772         0.00662
     2090.10000         0.00764         0.00686
     2100.10000         0.00802         0.00755
     2110.10000         0.00646         0.00596
     2120.10000         0.00701         0.00651
     2130.10000         0.00750         0.00696
     2140.10000         0.00971         0.00887
     2150.10000         0.00982         0.00887
     2160.10000         0.00799         0.00720
     2170.10000         0.00891         0.00787
     2180.10000         0.00712         0.00628
     2190.10000         0.00809         0.00690
     2200.10000         0.00773         0.00642
     2210.10000         0.00705         0.00572
     2220.10000         0.00692         0.00541
     2230.10000         0.00548         0.00426
     2240.10000         0.00582         0.00413
     2250.10000         0.00493         0.00330
     2260.10000         0.00388         0.00243
     2270.10000         0.00294         0.00160
     2280.10000         0.00108         0.00053
     2290.10000         0.00039         0.00026
     2300.10000         0.00004         0.00005
     2310.10000         0.00004         0.00007
     2320.10000         0.00014         0.00019
     2330.10000         0.00026         0.00034
     2340.10000         0.00018         0.00024
     2350.10000         0.00019         0.00026
     2360.10000         0.00091         0.00069
     2370.10000         0.00031         0.00041
     2380.10000         0.00003         0.00005
     2390.10000         0.00041         0.00012
     2400.10000         0.00097         0.00036
     2410.10000         0.00152         0.00067
     2420.10000         0.00197         0.00100
     2430.10000         0.00230         0.00133
     2440.10000         0.00254         0.00161
     2450.10000         0.00270         0.00184
     2460.10000         0.00282         0.00204
     2470.10000         0.00284         0.00216
     2480.10000         0.00289         0.00227
     2490.10000         0.00289         0.00234
